max corr

ans =

            0
            0
      0.87794
      0.90836
            0
            0
      0.88442
      0.90114
      0.86889
            0
       0.9125
            0
            0
            0
       0.8707
            0
      0.88529
            0
            0
            0
            0
            0
            0
            0
            0
            0
            0
            0
            0
            0
            0
            0
            0
            0
      0.88635
            0
            0
            0
            0
            0
            0
            0
            0
            0
            0
            0
            0
            0
            0
            0
            0
            0
            0
            0
            0
            0
            0
            0
            0
            0

mean IV1

ans =

            1
       2.7767
       1.1429
      0.19389
      0.17868
      0.15763
      0.14036
      0.18657
      0.13099
      0.35367
       3.6038
       6.1352
       4.4542
      0.46166
      0.45438
      0.42124
      0.50483
      0.38739
       10.346
     0.089302
      0.16043
       3.6127
       7.8756
      0.00854
      0.79127
       1.0315
     0.030159
      0.67162
      0.96537
      0.42612
       2.3078
       22.255
      0.54031
      0.20411
     0.063895
     0.043016
       1.0053
      0.42467
     0.087005
     0.066955
       1.7907
       2.8252
        5.578
      0.10662
      0.08405
      0.15288
     0.084739
      0.13549
      0.14846
     0.090641
     0.083701
     0.024292
     0.016121
    0.0082703
     0.015472
      0.72798
       1.0096
     0.054965
       4.1534
      0.91166
       10.401

max corr

ans =

      0.90836
            0
            0
      0.88442
      0.90114
      0.92918
            0
       0.9125
            0
            0
       0.8707
            0
      0.88529
            0
            0
            0
            0
            0
            0
            0
            0
            0
            0
            0
            0
            0
            0
            0
            0
            0
            0
            0
            0
            0
            0
            0
            0
            0
            0
            0
            0
            0
            0
            0
            0
            0
            0
            0
            0
            0
            0
            0
            0
            0
            0
            1
            0
            0
      0.97862
            0
            0

您的初始点 x0 不在边界 lb 和 ub 之间；
FMINCON 已对 x0 进行了移位以严格满足边界条件。

                                            First-order      Norm of
 Iter F-count            f(x)  Feasibility   optimality         step
    0       1    1.870729e+00    0.000e+00    2.469e+01
    1      10    1.397876e+00    0.000e+00    8.328e+00    1.311e-01
    2      12    1.233989e+00    0.000e+00    1.490e+01    6.001e-02
    3      15    1.277649e+00    0.000e+00    8.335e+00    4.129e-01
    4      17    5.432374e-01    0.000e+00    1.821e+01    3.800e-01
    5      24    5.107867e-01    0.000e+00    4.694e+00    2.001e-01
    6      27    4.881955e-01    0.000e+00    3.427e+00    9.656e-02
    7      28    4.589608e-01    0.000e+00    7.009e+00    3.561e-01
    8      31    3.665394e-01    0.000e+00    1.117e+00    3.245e-01
    9      32    3.384224e-01    0.000e+00    1.603e+00    2.028e-01
   10      35    3.028860e-01    0.000e+00    1.078e+00    1.071e-01
   11      41    2.996404e-01    0.000e+00    7.936e-01    6.222e-02
   12      43    3.023221e-01    0.000e+00    1.139e+00    5.775e-02
   13      44    3.256674e-01    0.000e+00    1.855e+00    5.048e-01
   14      45    3.105831e-01    0.000e+00    5.915e-01    8.533e-02
   15      51    3.146597e-01    0.000e+00    2.243e-01    6.682e-02
   16      52    3.165306e-01    0.000e+00    1.365e-01    1.163e-01
   17      59    3.164265e-01    0.000e+00    1.267e-01    5.214e-02
   18      63    3.124813e-01    0.000e+00    1.324e+00    2.630e-02
   19      70    3.109912e-01    0.000e+00    1.985e+00    1.708e-02
   20      75    3.094045e-01    0.000e+00    1.519e+00    1.873e-02
   21      81    3.084732e-01    0.000e+00    1.765e+00    9.825e-03
   22      86    3.062304e-01    0.000e+00    1.572e+00    9.701e-03
   23      91    3.017417e-01    0.000e+00    1.114e+00    1.772e-02
   24      95    3.010574e-01    0.000e+00    1.302e+00    6.856e-03
   25      98    2.751944e-01    0.000e+00    2.563e+00    2.408e-01
   26     108    2.748651e-01    0.000e+00    1.217e+00    7.245e-03
   27     113    2.741466e-01    0.000e+00    1.037e+00    6.937e-03
   28     118    2.735725e-01    0.000e+00    1.076e+00    1.240e-02
   29     123    2.724353e-01    0.000e+00    7.783e-01    1.165e-02
   30     128    2.704813e-01    0.000e+00    5.744e-01    2.637e-02

                                            First-order      Norm of
 Iter F-count            f(x)  Feasibility   optimality         step
   31     133    2.679976e-01    0.000e+00    6.022e-01    4.799e-02
   32     135    2.664587e-01    0.000e+00    5.095e-01    6.206e-02
   33     143    2.655389e-01    0.000e+00    6.537e-01    1.452e-02
   34     149    2.650780e-01    0.000e+00    4.564e-01    5.086e-03
   35     155    2.648211e-01    0.000e+00    4.568e-02    5.401e-03
   36     162    2.646932e-01    0.000e+00    7.452e-02    1.352e-03
   37     167    2.646246e-01    0.000e+00    4.673e-02    1.661e-03
   38     173    2.645901e-01    0.000e+00    4.609e-02    5.709e-04
   39     179    2.645643e-01    0.000e+00    4.874e-02    3.862e-04
   40     186    2.645612e-01    0.000e+00    4.823e-02    8.169e-05

<a href = "matlab: helpview('optim','local_min_poss_with_constr','CSHelpWindow');">可能存在局部最小值。满足约束</a>。

fmincon 已停止，因为<a href = "matlab: helpview('optim','norm_curr_step_simple_fminconip','CSHelpWindow');">当前步长</a>小于
<a href = "matlab: helpview('optim','step_size_tol','CSHelpWindow');">步长容差</a>值并且在<a href = "matlab: helpview('optim','constraint_tolerance','CSHelpWindow');">约束容差</a>值范围内满足约束。

<<a href = "matlab: createExitMsg({'optimlib:sqpLineSearch:Exit2basic','fmincon'},{'optimlib:sqpLineSearch:Exit2detailed','1.000000e-10','0.000000e+00','1.000000e-06'},true,true);;">停止条件详细信息</a>>

theta =

      -1.2667
     -0.74587
      -5.7397
     -0.13829
     -0.59425
      -8.2299
      0.12363
     0.048711
    0.0040728
   -0.0020268
      0.17158
     -0.25782
     -0.12281
     0.042475
     0.033068
     -0.22506
    -0.038366
     0.022257
    -0.081837
     0.030929
      0.85161
     0.098109
     -0.16079
       1.3424
    -0.032703
     -0.19355
      0.11362
     0.030587
     -0.12769
    -0.048435
    -0.083393
    0.0027359
     0.023207
    -0.027309
     -0.08223
     -0.12951
      0.22305
      0.64405


fval =

      0.26456


exitflag =

     2


output = 

  包含以下字段的 <a href="matlab:helpPopup struct" style="font-weight:bold">struct</a>:

         iterations: 41
          funcCount: 210
    constrviolation: 0
           stepsize: 1.4889e-10
          algorithm: 'interior-point'
      firstorderopt: 0.048227
       cgiterations: 199
            message: '可能存在局部最小值。满足约束。↵↵fmincon 已停止，因为当前步长小于↵步长容差值并且在约束容差值范围内满足约束。↵↵<停止条件详细信息>↵↵优化已停止，因为 x 的所有元素的相对变化↵小于 options.StepTolerance = 1.000000e-10，↵并且相对最大约束违反值 0.000000e+00 小于 options.ConstraintTolerance = 1.000000e-06。'
       bestfeasible: [1×1 struct]


laglamb = 

  包含以下字段的 <a href="matlab:helpPopup struct" style="font-weight:bold">struct</a>:

         eqlin: [0×1 double]
      eqnonlin: [0×1 double]
       ineqlin: [0×1 double]
         lower: [38×1 double]
         upper: [38×1 double]
    ineqnonlin: [0×1 double]


fgrad =

    -0.014788
    -0.014952
  -0.00037921
     -0.17633
     -0.03478
     0.013534
    -0.024884
    -0.033408
   -0.0089843
   -0.0079031
    -0.018544
      -0.0276
    0.0066057
   -0.0041145
  -0.00037846
     0.016306
    0.0038842
    0.0040486
    0.0066668
   -0.0058683
    0.0046074
    0.0022626
    0.0093479
    0.0053912
    0.0055688
     0.011874
    0.0026336
    0.0003442
    0.0066002
    0.0050342
     0.010498
     0.002718
  -0.00015464
    0.0051294
    0.0087402
    0.0041882
      0.40909
    -0.038453

it takes fmincon ... minutes

comp_t =

       11.491

mean/std of xi

ans =

   -0.0065773       1.2072

mean/std of omeg

ans =

   -0.0049993       1.1648

theta0, theta, std

ans =

     -0.94268      -1.2667      0.02651
     -0.60454     -0.74587     0.026447
      -6.0081      -5.7397     0.085459
    -0.093882     -0.13829     0.001836
     -0.55483     -0.59425    0.0097421
      -8.9177      -8.2299     0.068994
      0.26724      0.12363     0.011746
      0.11058     0.048711     0.002111
      0.51202    0.0040728     0.015384
    -0.077589   -0.0020268    0.0023648
       0.3954      0.17158    0.0093037
     -0.19971     -0.25782    0.0037171
     0.078437     -0.12281      0.01154
      0.44729     0.042475     0.032018
     0.041253     0.033068     0.010715
     -0.21983     -0.22506    0.0096967
     0.095561    -0.038366     0.010804
     0.070912     0.022257    0.0092103
     0.075248    -0.081837    0.0090869
      0.10815     0.030929     0.012424
       1.0068      0.85161     0.045812
      0.17665     0.098109    0.0045184
     0.081035     -0.16079     0.030072
       1.4077       1.3424     0.057792
     0.051824    -0.032703    0.0065998
     0.053587     -0.19355     0.033862
    -0.050948      0.11362     0.010162
    0.0080267     0.030587    0.0072427
     -0.16616     -0.12769     0.014526
     -0.22357    -0.048435     0.028871
     -0.15144    -0.083393     0.011701
     -0.14011    0.0027359     0.011037
    -0.040479     0.023207     0.011624
    -0.039005    -0.027309     0.010769
     -0.06467     -0.08223      0.01122
            1     -0.12951      0.01802
      0.74256      0.22305    0.0042754
      0.54467      0.64405     0.021604

                                            First-order      Norm of
 Iter F-count            f(x)  Feasibility   optimality         step
    0       1    6.683657e+01    0.000e+00    5.628e+02
    1      14    6.595887e+01    0.000e+00    4.185e+02    6.601e-03
    2      16    6.593314e+01    0.000e+00    5.897e+02    2.472e-03
    3      21    6.440837e+01    0.000e+00    4.179e+02    1.343e-02
    4      23    6.384188e+01    0.000e+00    1.350e+02    3.237e-02
    5      28    6.374021e+01    0.000e+00    3.246e+02    4.475e-02
    6      32    6.356358e+01    0.000e+00    3.343e+02    1.467e-02
    7      36    6.206338e+01    0.000e+00    5.299e+02    1.505e-01
    8      44    6.106336e+01    0.000e+00    2.483e+02    2.875e-02
    9      48    6.074901e+01    0.000e+00    1.311e+02    1.575e-02
   10      53    6.059056e+01    0.000e+00    1.476e+02    2.129e-02
   11      55    6.043602e+01    0.000e+00    1.715e+02    3.479e-02
   12      62    6.040347e+01    0.000e+00    3.316e+01    1.190e-02
   13      64    6.023254e+01    0.000e+00    4.718e+01    1.859e-02
   14      69    6.022065e+01    0.000e+00    1.649e+02    2.102e-02
   15      71    6.006388e+01    0.000e+00    1.705e+02    3.700e-02
   16      75    5.963487e+01    0.000e+00    2.669e+02    2.336e-01
   17      84    5.954863e+01    0.000e+00    3.377e+02    1.296e-02
   18      86    5.946369e+01    0.000e+00    3.432e+02    2.999e-02
   19      90    5.894305e+01    0.000e+00    3.975e+02    2.675e-01
   20      94    5.868585e+01    0.000e+00    2.482e+02    2.068e-01
   21     102    5.866330e+01    0.000e+00    4.214e+02    3.768e-02
   22     105    5.862240e+01    0.000e+00    3.880e+02    2.347e-02
   23     110    5.825617e+01    0.000e+00    1.951e+02    3.147e-02
   24     112    5.815522e+01    0.000e+00    3.239e+02    5.543e-02
   25     118    5.792310e+01    0.000e+00    2.176e+02    2.936e-02
   26     120    5.785709e+01    0.000e+00    1.936e+02    5.512e-02
   27     130    5.777195e+01    0.000e+00    4.161e+01    2.514e-03
   28     132    5.776036e+01    0.000e+00    3.625e+01    3.480e-03
   29     137    5.762350e+01    0.000e+00    1.623e+01    4.631e-03
   30     139    5.759007e+01    0.000e+00    2.294e+01    1.388e-02

                                            First-order      Norm of
 Iter F-count            f(x)  Feasibility   optimality         step
   31     145    5.755915e+01    0.000e+00    3.290e+01    7.619e-03
   32     147    5.753271e+01    0.000e+00    5.224e+01    1.513e-02
   33     153    5.749316e+01    0.000e+00    8.405e+01    7.434e-03
   34     155    5.746801e+01    0.000e+00    9.718e+01    1.581e-02
   35     162    5.746304e+01    0.000e+00    1.853e+02    2.950e-03
   36     164    5.745403e+01    0.000e+00    1.908e+02    7.562e-03
   37     170    5.744884e+01    0.000e+00    2.363e+02    2.865e-03
   38     172    5.744215e+01    0.000e+00    2.483e+02    6.886e-03
   39     177    5.743257e+01    0.000e+00    2.092e+02    5.189e-03
   40     179    5.741637e+01    0.000e+00    2.132e+02    1.623e-02
   41     187    5.739598e+01    0.000e+00    8.691e+01    2.009e-03
   42     189    5.738785e+01    0.000e+00    8.931e+01    3.801e-03
   43     194    5.736757e+01    0.000e+00    9.006e+01    3.346e-03
   44     196    5.735565e+01    0.000e+00    9.359e+01    7.711e-03
   45     203    5.735395e+01    0.000e+00    1.448e+02    1.814e-03
   46     205    5.735224e+01    0.000e+00    1.496e+02    3.740e-03
   47     210    5.734695e+01    0.000e+00    1.080e+02    2.639e-03
   48     212    5.733516e+01    0.000e+00    1.104e+02    8.688e-03
   49     218    5.732490e+01    0.000e+00    3.692e+01    3.875e-03
   50     220    5.730691e+01    0.000e+00    4.440e+01    7.733e-03
   51     225    5.728272e+01    0.000e+00    5.356e+01    5.749e-03
   52     227    5.725364e+01    0.000e+00    5.970e+01    1.586e-02
   53     234    5.724146e+01    0.000e+00    9.119e+01    3.524e-03
   54     236    5.722824e+01    0.000e+00    9.352e+01    8.361e-03
   55     242    5.722072e+01    0.000e+00    1.028e+02    2.542e-03
   56     244    5.721171e+01    0.000e+00    1.106e+02    8.316e-03
   57     250    5.720214e+01    0.000e+00    1.425e+02    2.673e-03
   58     252    5.719329e+01    0.000e+00    1.496e+02    8.165e-03
   59     258    5.718497e+01    0.000e+00    1.410e+02    2.678e-03
   60     260    5.717597e+01    0.000e+00    1.475e+02    7.950e-03

                                            First-order      Norm of
 Iter F-count            f(x)  Feasibility   optimality         step
   61     264    5.705693e+01    0.000e+00    4.565e+02    3.594e-01
   62     273    5.702147e+01    0.000e+00    3.427e+02    1.388e-02
   63     275    5.700524e+01    0.000e+00    3.842e+02    3.935e-02
   64     283    5.689911e+01    0.000e+00    7.368e+01    6.355e-03
   65     285    5.686003e+01    0.000e+00    6.320e+01    4.191e-03
   66     289    5.681852e+01    0.000e+00    3.941e+02    8.418e-02
   67     298    5.673002e+01    0.000e+00    1.704e+02    9.304e-03
   68     305    5.672738e+01    0.000e+00    2.545e+02    4.530e-03
   69     311    5.672377e+01    0.000e+00    2.867e+02    1.744e-03
   70     316    5.666017e+01    0.000e+00    3.436e+02    2.541e-03
   71     321    5.662881e+01    0.000e+00    3.367e+02    4.069e-03
   72     326    5.656839e+01    0.000e+00    2.535e+02    6.557e-03
   73     331    5.651526e+01    0.000e+00    2.407e+02    1.172e-02
   74     336    5.650312e+01    0.000e+00    2.788e+01    1.244e-02
   75     338    5.645259e+01    0.000e+00    7.469e+01    1.876e-02
   76     344    5.642760e+01    0.000e+00    7.127e+01    1.643e-02
   77     346    5.641930e+01    0.000e+00    1.069e+02    2.449e-02
   78     353    5.638986e+01    0.000e+00    1.857e+02    8.958e-03
   79     355    5.638206e+01    0.000e+00    2.112e+02    1.585e-02
   80     362    5.637368e+01    0.000e+00    1.612e+02    4.637e-03
   81     367    5.637084e+01    0.000e+00    1.753e+02    3.861e-03
   82     372    5.635735e+01    0.000e+00    1.620e+02    3.503e-03
   83     377    5.631797e+01    0.000e+00    8.883e+01    6.911e-03
   84     382    5.630149e+01    0.000e+00    1.388e+02    1.243e-02
   85     388    5.629223e+01    0.000e+00    2.122e+01    7.519e-03
   86     390    5.627521e+01    0.000e+00    3.208e+01    9.991e-03
   87     394    5.623529e+01    0.000e+00    3.463e+02    1.337e-01
   88     403    5.621873e+01    0.000e+00    2.657e+02    8.620e-03
   89     409    5.619540e+01    0.000e+00    2.601e+02    4.373e-03
   90     414    5.618017e+01    0.000e+00    2.280e+02    7.869e-03

                                            First-order      Norm of
 Iter F-count            f(x)  Feasibility   optimality         step
   91     419    5.611481e+01    0.000e+00    7.596e+01    9.608e-03
   92     421    5.610279e+01    0.000e+00    1.063e+02    3.121e-02
   93     427    5.606015e+01    0.000e+00    1.008e+02    1.990e-02
   94     431    5.605649e+01    0.000e+00    1.310e+02    1.356e-02
   95     436    5.599908e+01    0.000e+00    2.475e+02    1.971e-02
   96     438    5.596459e+01    0.000e+00    3.575e+02    7.675e-02
   97     447    5.594925e+01    0.000e+00    2.620e+02    4.880e-03
   98     453    5.594547e+01    0.000e+00    2.817e+02    4.333e-03
   99     458    5.593826e+01    0.000e+00    2.512e+02    4.577e-03
  100     463    5.591896e+01    0.000e+00    2.091e+02    4.381e-03
  101     468    5.585813e+01    0.000e+00    7.740e+01    1.001e-02
  102     471    5.585496e+01    0.000e+00    8.741e+01    1.107e-02
  103     475    5.575402e+01    0.000e+00    2.981e+02    2.184e-01
  104     485    5.573709e+01    0.000e+00    2.521e+02    5.850e-03
  105     492    5.572687e+01    0.000e+00    2.006e+02    3.773e-03
  106     498    5.572392e+01    0.000e+00    1.947e+02    3.405e-03
  107     503    5.571636e+01    0.000e+00    1.753e+02    3.670e-03
  108     508    5.570141e+01    0.000e+00    9.748e+01    7.633e-03
  109     513    5.567315e+01    0.000e+00    1.040e+02    1.496e-02
  110     517    5.567023e+01    0.000e+00    1.174e+02    9.432e-03
  111     521    5.557306e+01    0.000e+00    4.034e+02    3.570e-01
  112     524    5.552261e+01    0.000e+00    2.902e+02    6.449e-02
  113     532    5.549564e+01    0.000e+00    2.790e+02    2.248e-02
  114     537    5.548921e+01    0.000e+00    1.865e+02    1.540e-02
  115     542    5.546783e+01    0.000e+00    2.956e+02    1.500e-02
  116     547    5.538555e+01    0.000e+00    7.773e+01    2.430e-02
  117     552    5.530170e+01    0.000e+00    1.614e+02    4.466e-02
  118     557    5.527098e+01    0.000e+00    2.448e+02    7.745e-02
  119     562    5.521190e+01    0.000e+00    2.736e+02    7.276e-02
  120     564    5.517881e+01    0.000e+00    1.637e+02    4.455e-02

                                            First-order      Norm of
 Iter F-count            f(x)  Feasibility   optimality         step
  121     566    5.507489e+01    0.000e+00    1.611e+02    2.382e-01
  122     568    5.498750e+01    0.000e+00    1.632e+02    1.130e-01
  123     572    5.497999e+01    0.000e+00    1.500e+02    1.886e-02
  124     574    5.494157e+01    0.000e+00    2.336e+01    6.045e-02
  125     577    5.492497e+01    0.000e+00    2.281e+01    4.569e-02
  126     581    5.491719e+01    0.000e+00    3.369e+01    2.413e-02
  127     585    5.490885e+01    0.000e+00    3.487e+01    1.186e-02
  128     589    5.490190e+01    0.000e+00    7.078e+01    1.880e-02
  129     591    5.485993e+01    0.000e+00    3.753e+01    6.414e-02
  130     594    5.485218e+01    0.000e+00    3.872e+01    1.148e-02
  131     595    5.481401e+01    0.000e+00    6.237e+01    6.494e-02
  132     596    5.478745e+01    0.000e+00    1.010e+02    4.232e-02
  133     597    5.479317e+01    0.000e+00    9.832e+01    1.093e-01
  134     598    5.471440e+01    0.000e+00    2.248e+02    1.166e-01
  135     599    5.473901e+01    0.000e+00    7.772e+01    8.630e-02
  136     600    5.472189e+01    0.000e+00    2.723e+01    7.339e-02
  137     601    5.469036e+01    0.000e+00    7.459e+01    1.178e-01
  138     602    5.468219e+01    0.000e+00    6.696e+01    2.985e-02
  139     603    5.467043e+01    0.000e+00    1.089e+01    8.250e-02
  140     604    5.465304e+01    0.000e+00    3.551e+01    9.545e-02
  141     605    5.462772e+01    0.000e+00    6.910e+01    1.033e-01
  142     606    5.464031e+01    0.000e+00    6.158e+01    2.149e-02
  143     607    5.463234e+01    0.000e+00    4.009e+01    5.946e-02
  144     608    5.462620e+01    0.000e+00    3.300e+01    2.114e-02
  145     609    5.462441e+01    0.000e+00    2.278e+01    1.950e-02
  146     610    5.462249e+01    0.000e+00    1.274e+01    1.820e-02
  147     611    5.461704e+01    0.000e+00    1.464e+01    4.219e-02
  148     612    5.460926e+01    0.000e+00    8.759e+00    3.377e-02
  149     615    5.459073e+01    0.000e+00    1.400e+02    8.448e-02
  150     617    5.456654e+01    0.000e+00    2.129e+02    8.877e-02

                                            First-order      Norm of
 Iter F-count            f(x)  Feasibility   optimality         step
  151     619    5.454440e+01    0.000e+00    1.153e+02    6.435e-02
  152     621    5.452022e+01    0.000e+00    1.785e+02    1.632e-01
  153     623    5.450590e+01    0.000e+00    9.431e+01    7.290e-02
  154     624    5.448682e+01    0.000e+00    2.283e+01    8.394e-02
  155     625    5.446923e+01    0.000e+00    1.753e+02    4.242e-02
  156     626    5.445469e+01    0.000e+00    7.834e+01    3.303e-02
  157     627    5.443228e+01    0.000e+00    3.824e+01    4.422e-02
  158     628    5.441926e+01    0.000e+00    8.153e+01    4.770e-02
  159     629    5.441633e+01    0.000e+00    2.776e+01    1.410e-02
  160     630    5.440881e+01    0.000e+00    4.544e+01    4.630e-02
  161     631    5.439237e+01    0.000e+00    9.208e+01    1.139e-01
  162     632    5.438857e+01    0.000e+00    7.408e+01    4.995e-02
  163     633    5.437994e+01    0.000e+00    1.239e+01    2.817e-02
  164     634    5.437711e+01    0.000e+00    1.895e+00    1.497e-02
  165     635    5.437499e+01    0.000e+00    5.284e+00    9.813e-03
  166     636    5.437500e+01    0.000e+00    9.099e+00    4.544e-03
  167     637    5.437484e+01    0.000e+00    4.824e+00    4.172e-03
  168     638    5.437511e+01    0.000e+00    1.828e+00    3.286e-03
  169     639    5.437547e+01    0.000e+00    3.054e-01    2.871e-03
  170     640    5.434101e+01    0.000e+00    2.438e+02    1.749e-01
  171     641    5.432590e+01    0.000e+00    4.369e+01    2.762e-02
  172     642    5.432354e+01    0.000e+00    3.550e+01    1.120e-02
  173     643    5.432074e+01    0.000e+00    2.674e+00    1.937e-02
  174     644    5.432059e+01    0.000e+00    2.104e+00    6.756e-03
  175     645    5.432058e+01    0.000e+00    5.788e-01    2.362e-03
  176     646    5.432058e+01    0.000e+00    5.533e-02    3.038e-04
  177     647    5.432058e+01    0.000e+00    3.612e-02    1.021e-04
  178     648    5.432058e+01    0.000e+00    3.734e-03    2.961e-05
  179     649    5.432058e+01    0.000e+00    1.860e-03    1.481e-05
  180     650    5.432051e+01    0.000e+00    1.431e-01    2.727e-04

                                            First-order      Norm of
 Iter F-count            f(x)  Feasibility   optimality         step
  181     651    5.432051e+01    0.000e+00    2.024e-02    1.736e-05
  182     652    5.432051e+01    0.000e+00    3.330e-03    8.773e-06
  183     653    5.432051e+01    0.000e+00    1.286e-03    2.465e-06
  184     654    5.432051e+01    0.000e+00    1.600e-04    6.028e-07
  185     655    5.432050e+01    0.000e+00    1.036e-02    5.399e-05
  186     656    5.432050e+01    0.000e+00    1.536e-04    2.787e-06
  187     657    5.432050e+01    0.000e+00    1.924e-04    2.859e-07
  188     658    5.432050e+01    0.000e+00    2.427e-05    7.213e-08

<a href = "matlab: helpview('optim','feasible_better_objective','CSHelpWindow');">找到目标函数值更低的可行点</a>。


<a href = "matlab: helpview('optim','local_min_found','CSHelpWindow');">找到满足约束的局部最小值</a>。

优化已完成，因为目标函数沿
<a href = "matlab: helpview('optim','feasible_directions','CSHelpWindow');">可行方向</a>在<a href = "matlab: helpview('optim','optimality_tolerance_msgcsh','CSHelpWindow');">最优性容差</a>值范围内呈现非递减，
并且在<a href = "matlab: helpview('optim','constraint_tolerance','CSHelpWindow');">约束容差</a>值范围内满足约束。

<<a href = "matlab: createExitMsg({'optimlib:sqpLineSearch:Exit1basic'},{'optimlib:sqpLineSearch:Exit1detailed','2.752231e-07','1.000000e-06','0.000000e+00','1.000000e-06'},true,true);;">停止条件详细信息</a>>

theta2 =

     -0.57503
     -0.90787
       -8.057
    -0.084046
     -0.43188
      -8.7977
      0.18642
     0.066793
     0.048207
    -0.019997
      0.21873
     -0.22553
    -0.019949
      0.37825
    -0.014344
     -0.18088
    -0.043649
    -0.034107
      -0.1592
      0.14672
     -0.99999
     0.078657
     -0.97594
     -0.78183
    0.0062978
           -1
    0.0070238
     0.012539
     -0.18751
      -0.2686
     -0.12155
    -0.028986
    -0.039002
    -0.061457
     -0.13426
     -0.23372
          0.1
      0.53648


fval2 =

       54.321


exitflag2 =

     1


output2 = 

  包含以下字段的 <a href="matlab:helpPopup struct" style="font-weight:bold">struct</a>:

         iterations: 188
          funcCount: 658
    constrviolation: 0
           stepsize: 7.2129e-08
          algorithm: 'interior-point'
      firstorderopt: 2.4267e-05
       cgiterations: 707
            message: '找到满足约束的局部最小值。↵↵优化已完成，因为目标函数沿↵可行方向在最优性容差值范围内呈现非递减，↵并且在约束容差值范围内满足约束。↵↵<停止条件详细信息>↵↵优化已完成: 相对一阶最优性测度 2.752231e-07 ↵小于 options.OptimalityTolerance = 1.000000e-06 且相对最大约束违反值↵ 0.000000e+00 小于 options.ConstraintTolerance = 1.000000e-06。'
       bestfeasible: [1×1 struct]


laglamb2 = 

  包含以下字段的 <a href="matlab:helpPopup struct" style="font-weight:bold">struct</a>:

         eqlin: [0×1 double]
      eqnonlin: [0×1 double]
       ineqlin: [0×1 double]
         lower: [38×1 double]
         upper: [38×1 double]
    ineqnonlin: [0×1 double]


fgrad2 =

  -3.1574e-06
  -2.2626e-06
  -1.8586e-07
   5.5492e-06
  -7.3271e-07
   2.4772e-06
  -1.0958e-06
   1.3997e-07
   5.8783e-07
   2.3153e-06
  -1.2527e-06
  -3.6673e-06
   9.6358e-08
  -1.4101e-06
   1.3462e-07
   6.8215e-07
   1.8052e-07
   2.1838e-07
   5.3855e-07
  -4.3003e-07
      0.21038
  -3.7404e-07
   6.5715e-05
   7.3805e-06
   1.6276e-06
      0.49851
   1.2951e-07
   1.1418e-07
   6.7362e-07
   9.4311e-07
   3.7628e-07
   1.7461e-07
   9.2407e-08
   2.5384e-07
   4.8941e-07
   8.1962e-07
       88.172
  -5.2658e-06

it takes fmincon ... minutes

comp_t2 =

        36.36

mean/std of xi2

ans =

     -0.03072       1.0903

mean/std of omeg2

ans =

    0.0082835      0.77773

theta, theta2, std2

ans =

      -1.2667     -0.57503     0.020271
     -0.74587     -0.90787     0.019941
      -5.7397       -8.057     0.090243
     -0.13829    -0.084046    0.0021379
     -0.59425     -0.43188    0.0084406
      -8.2299      -8.7977     0.064208
      0.12363      0.18642     0.022025
     0.048711     0.066793    0.0043187
    0.0040728     0.048207     0.036826
   -0.0020268    -0.019997    0.0059085
      0.17158      0.21873     0.027845
     -0.25782     -0.22553    0.0084617
     -0.12281    -0.019949     0.022549
     0.042475      0.37825      0.06694
     0.033068    -0.014344     0.021207
     -0.22506     -0.18088     0.017482
    -0.038366    -0.043649     0.023042
     0.022257    -0.034107     0.017699
    -0.081837      -0.1592     0.018807
     0.030929      0.14672     0.025113
      0.85161     -0.99999      0.18544
     0.098109     0.078657    0.0038189
     -0.16079     -0.97594      0.03782
       1.3424     -0.78183      0.19425
    -0.032703    0.0062978    0.0048602
     -0.19355           -1     0.037464
      0.11362    0.0070238    0.0056738
     0.030587     0.012539    0.0043221
     -0.12769     -0.18751    0.0094598
    -0.048435      -0.2686     0.017255
    -0.083393     -0.12155    0.0085596
    0.0027359    -0.028986    0.0066986
     0.023207    -0.039002     0.007367
    -0.027309    -0.061457    0.0071619
     -0.08223     -0.13426     0.007789
     -0.12951     -0.23372     0.010732
      0.22305          0.1    0.0010918
      0.64405      0.53648     0.015685

